19
29
17
18
29
10
25
15
20
19
7
36
27
35
27
16
40
18
32
24
43
29
20
29
27
20
16
35
22
10
44
32
37
19
16
80
22
26
47
43
33
22
24
28
13
9
15
10
16
13
13
24
32
33
27
18
17
27
32
7
26
26
49
15
18
19
11
11
14
28
55
18
14
12
13
7
33
10
32
20
26
17
14
8
12
30
23
12
19
30
19
24
38
7
23
23
20
17
18
31
22
12
16
21
32
19
21
17
19
29
28
29
52
24
17
16
34
25
17
15
29
18
22
8
48
12
22
10
13
22
28
16
51
16
14
22
24
21
21
15
40
20
32
18
17
25
29
23
20
23
28
9
33
27
21
40
20
17
19
42
29
7
28
22
41
19
26
41
23
20
23
23
11
18
24
22
24
39
19
37
23
17
15
19
21
30
9
32
15
10
16
29
8
23
17
18
19
32
27
11
