44
8
15
21
7
14
32
17
19
40
26
31
27
15
18
15
20
31
15
24
34
8
49
13
35
12
21
18
13
19
34
31
12
15
18
33
14
56
9
10
23
23
26
18
31
15
32
16
13
29
27
33
28
13
15
34
24
26
21
16
33
42
18
2
26
37
15
38
8
30
7
22
13
5
30
19
5
19
29
18
16
32
23
10
37
20
38
30
29
20
19
24
23
22
20
31
32
5
40
11
28
20
18
23
26
8
62
20
16
29
19
33
10
46
11
11
20
28
26
34
33
19
26
10
32
5
21
17
33
19
17
30
21
8
14
23
14
12
39
5
15
36
37
27
42
13
7
19
33
25
43
15
21
5
32
23
23
54
24
19
13
40
7
28
23
21
5
19
21
11
23
27
17
14
28
27
12
23
35
10
20
22
16
29
33
26
20
29
20
19
24
27
40
33
27
39
5
23
36
26
