13
13
14
7
9
5
6
21
9
20
6
17
22
8
8
16
16
14
11
14
6
11
9
19
16
14
10
23
8
5
22
13
15
7
12
26
6
6
12
9
8
10
12
15
15
3
25
26
8
18
6
11
16
25
12
14
6
2
11
11
11
13
15
11
13
25
23
12
6
12
16
9
12
20
14
10
16
6
15
9
22
9
18
20
13
8
13
10
5
11
11
3
4
1
11
21
8
5
16
14
6
15
22
16
17
24
21
13
10
7
9
17
11
22
21
24
16
13
8
2
8
13
11
10
10
6
12
14
20
19
11
17
7
10
16
11
9
12
13
5
22
9
16
26
19
25
16
25
13
12
9
15
11
9
15
18
14
6
7
17
10
6
5
13
13
12
12
8
6
16
6
10
14
19
15
10
18
4
11
17
11
14
11
28
11
8
11
16
9
3
16
11
15
17
5
13
6
8
22
17
8
12
20
17
15
8
22
5
3
15
18
18
19
10
15
18
14
24
14
5
4
9
9
9
15
14
7
14
8
11
16
20
8
17
8
21
15
19
7
7
8
8
20
12
17
22
8
15
4
17
8
13
25
7
17
20
22
24
7
8
10
13
10
18
4
8
16
17
18
10
6
7
6
10
15
9
16
7
11
7
8
17
19
5
13
19
9
18
12
15
7
14
24
12
11
6
9
8
11
7
14
15
12
20
7
6
24
16
18
10
22
17
5
9
9
17
13
7
15
26
4
24
13
10
18
8
15
19
9
6
11
9
16
18
15
18
9
6
14
10
5
10
13
22
7
11
32
15
17
3
17
8
9
20
16
9
17
12
10
11
5
10
10
13
23
19
16
11
4
25
9
15
4
7
16
16
8
5
20
15
11
16
19
17
7
6
7
18
18
15
13
7
14
16
13
9
16
7
4
15
14
9
14
19
4
12
19
13
9
20
18
5
18
11
11
15
6
5
7
17
20
6
6
10
11
11
10
7
14
10
6
6
13
15
15
11
21
23
17
9
8
6
9
8
6
16
17
8
23
12
5
18
23
7
8
13
14
9
3
9
7
12
8
15
7
11
17
14
10
14
19
15
15
8
17
18
15
8
18
10
22
23
17
25
17
11
16
9
6
15
9
16
13
13
9
16
18
1
13
5
3
10
6
20
18
15
15
9
12
15
10
20
19
14
10
15
11
7
18
4
16
19
17
6
13
15
13
14
15
12
12
15
8
9
18
3
21
12
7
6
16
12
4
14
8
9
13
8
9
5
25
8
17
5
12
14
12
18
13
21
14
10
20
15
13
9
14
13
12
10
7
18
13
18
12
12
15
12
21
13
13
17
5
10
9
16
15
22
14
27
18
11
2
11
16
11
17
10
13
17
11
23
16
2
13
17
11
14
31
14
7
6
14
11
8
14
14
17
11
9
5
19
7
10
11
9
23
12
19
5
7
12
16
15
9
12
11
7
9
4
10
17
17
17
5
16
13
14
23
20
14
11
17
5
22
20
18
6
12
12
10
17
13
10
9
11
9
13
21
29
7
5
9
25
15
14
11
13
13
12
16
15
13
15
5
9
13
6
12
20
16
9
13
10
16
15
21
22
11
11
19
9
7
18
11
12
9
11
11
16
15
20
17
20
12
6
6
7
12
7
13
13
12
14
12
10
13
13
18
7
11
21
6
16
13
7
13
15
8
16
5
21
27
3
22
11
11
7
5
5
22
11
8
16
9
11
14
14
13
5
23
4
10
4
6
12
12
21
9
21
11
20
9
9
13
15
18
13
14
23
15
11
10
10
17
13
16
9
16
12
18
20
8
14
16
20
18
3
11
24
24
15
8
13
19
12
9
7
12
17
14
9
14
14
6
2
6
27
2
20
6
2
18
7
14
19
18
26
4
14
6
22
9
16
14
9
13
17
7
25
12
14
13
11
4
18
25
11
32
10
12
14
6
10
11
26
6
7
18
22
8
13
8
11
7
11
15
4
17
3
17
9
16
17
6
14
5
15
22
16
15
11
8
10
15
12
11
16
6
17
24
12
9
17
8
10
15
17
8
10
9
11
18
12
13
20
30
12
11
13
20
14
16
4
11
7
13
16
15
19
16
19
13
10
19
17
9
3
15
13
19
14
14
19
14
8
11
6
8
20
9
21
10
15
12
9
3
10
19
6
9
9
21
16
14
7
13
8
5
8
18
9
10
8
14
19
15
18
19
17
8
9
14
28
8
13
11
17
10
12
15
10
10
10
11
7
10
12
10
6
16
14
7
6
9
20
24
4
18
20
