25
19
26
15
29
15
29
36
23
18
33
27
19
17
21
34
9
28
17
4
26
9
23
26
9
20
36
21
9
21
13
23
18
23
22
24
29
41
22
10
20
14
44
7
27
14
14
22
24
18
30
8
20
32
15
22
32
10
38
33
19
24
10
14
57
29
25
40
21
31
18
17
28
26
27
35
22
9
23
21
31
26
41
22
16
12
31
46
29
34
13
30
18
42
27
21
42
15
25
22
25
33
13
15
40
25
47
14
27
30
21
20
4
22
23
23
18
15
41
30
35
19
20
13
24
20
44
13
24
32
7
33
22
31
17
16
20
14
31
19
22
24
23
25
13
19
34
16
30
23
32
24
13
27
18
34
29
21
38
8
13
17
17
5
22
8
14
43
16
39
11
29
11
13
9
23
33
25
28
31
27
25
18
22
19
19
39
11
29
17
18
27
23
21
22
26
50
18
13
13
