31
19
42
21
18
35
23
27
34
24
20
47
14
9
14
21
4
22
35
16
23
16
15
29
21
38
15
25
31
13
24
38
27
7
36
28
26
25
12
7
14
16
27
17
23
47
20
12
12
16
10
23
18
28
29
33
36
15
9
10
13
31
29
22
24
30
24
16
12
36
20
40
9
18
33
30
13
13
14
50
7
26
32
18
40
44
16
19
16
33
9
30
10
22
22
25
23
29
36
33
35
18
23
13
21
15
22
11
12
9
27
15
32
17
44
20
31
50
8
43
21
9
34
10
12
26
9
19
44
11
16
13
29
22
21
36
25
41
24
28
12
32
17
23
16
13
26
19
35
23
45
11
60
24
17
26
21
26
25
37
31
26
6
7
30
19
46
41
25
8
26
27
15
14
19
16
16
17
18
24
31
22
40
27
26
17
28
14
16
17
34
9
29
39
37
13
11
7
21
33
