19
12
21
18
12
31
16
21
13
30
28
21
8
32
14
15
18
36
26
25
35
20
33
16
24
18
20
28
17
26
18
19
15
30
28
8
17
16
20
9
18
31
24
23
12
44
33
13
21
37
33
24
33
19
11
25
22
24
16
26
18
27
14
32
17
24
31
31
22
28
13
27
8
31
27
10
36
22
26
23
13
26
28
9
15
43
16
11
9
37
12
18
9
28
24
34
22
18
32
17
16
49
18
27
28
54
17
53
20
17
19
37
25
45
33
47
18
33
31
54
22
31
11
38
12
32
13
24
14
14
21
45
25
33
26
13
28
11
17
33
31
17
20
28
28
34
11
10
45
26
31
28
32
29
45
22
16
25
28
23
24
27
8
18
31
39
13
25
22
33
27
28
26
25
28
13
15
12
16
16
8
27
16
18
29
17
24
28
23
19
17
36
24
22
10
16
30
29
18
10
