15
20
24
19
23
5
23
15
13
5
30
39
12
18
6
38
6
13
50
11
12
37
19
9
12
14
17
28
16
30
45
35
25
14
32
24
28
36
12
43
36
8
37
22
20
40
21
16
20
32
27
31
17
21
45
28
13
22
10
26
34
40
34
7
6
27
12
43
20
4
20
15
17
21
13
30
53
19
12
16
25
13
9
35
10
21
36
12
22
27
3
16
19
26
37
18
15
4
13
15
28
17
17
19
19
51
20
51
28
31
25
19
33
16
8
87
19
8
22
10
13
33
5
4
25
24
19
27
23
27
29
19
17
25
14
21
14
13
14
28
27
20
35
29
27
24
49
14
9
11
16
9
19
37
16
8
17
12
36
33
34
25
31
23
24
40
21
7
27
5
24
16
18
39
33
13
27
18
10
14
37
13
9
13
38
26
10
19
29
18
18
35
7
25
26
43
13
16
23
34
