33
28
23
23
24
35
36
22
25
11
32
25
25
40
28
12
9
32
20
17
37
14
20
36
25
24
13
13
19
10
40
12
15
32
21
14
23
34
25
23
18
46
8
20
22
25
21
38
16
12
8
35
22
22
11
9
23
7
17
14
29
26
21
35
32
42
18
21
17
13
8
29
46
18
25
10
12
25
10
21
20
20
15
21
19
35
9
22
40
33
16
40
6
15
9
16
11
14
26
14
20
27
24
17
16
15
15
40
25
9
45
25
22
10
14
36
32
31
37
18
27
30
22
17
26
26
26
19
14
45
25
28
20
18
24
6
5
20
16
25
6
23
19
6
16
6
40
33
16
16
21
21
3
29
12
28
21
10
37
44
25
24
13
10
21
10
8
22
8
25
18
35
28
23
24
30
25
19
31
29
24
38
13
37
30
18
37
28
13
16
28
62
27
25
28
13
32
32
45
18
