25
17
60
44
29
25
34
31
13
17
21
28
22
23
27
35
35
36
22
20
25
15
15
28
13
54
19
11
13
10
17
14
47
25
19
15
33
30
18
41
30
17
24
32
29
14
22
13
8
37
36
9
20
19
21
23
48
16
19
34
16
33
26
13
5
19
26
21
35
36
29
36
20
78
25
15
22
15
7
26
14
20
26
22
19
11
24
31
35
26
27
23
25
36
29
23
26
17
17
24
12
27
23
13
35
18
34
10
17
22
41
22
33
21
3
28
26
18
24
25
9
27
30
33
39
25
28
20
19
29
18
20
24
23
23
24
14
22
18
27
19
19
11
15
7
30
4
16
34
26
33
3
19
24
26
20
21
22
18
27
30
34
13
11
10
19
10
13
11
14
28
17
17
23
12
24
29
19
12
34
31
24
55
19
8
32
17
11
35
10
18
18
18
21
38
25
17
12
36
17
