20
7
19
24
37
14
31
8
35
29
3
24
38
13
27
31
37
25
33
26
13
48
46
22
16
8
20
32
16
36
26
36
28
23
16
16
12
14
7
26
28
38
43
21
20
17
31
31
18
13
9
5
4
29
17
27
24
15
21
9
16
24
16
22
25
14
19
27
21
37
17
28
20
14
15
30
23
20
32
25
35
30
29
21
30
12
13
38
21
9
23
51
17
30
35
36
32
43
15
37
25
19
25
29
10
11
37
14
24
32
13
26
21
10
31
32
13
9
9
8
15
17
14
19
8
19
23
18
6
8
15
42
22
21
24
28
24
15
19
30
32
16
27
21
15
12
17
37
21
28
27
17
34
27
13
25
21
45
21
39
12
37
25
14
28
5
38
4
35
12
5
19
18
21
42
31
19
21
8
36
30
45
18
14
13
22
41
16
21
19
22
40
27
19
10
12
19
23
32
25
