19
5
24
26
23
7
18
18
17
13
13
25
12
16
17
15
18
14
31
14
20
18
26
17
8
24
8
7
29
19
20
12
12
26
18
24
12
12
12
25
13
18
12
11
14
15
13
21
26
10
37
7
19
21
34
17
14
16
19
16
17
2
16
20
27
20
11
30
2
14
19
12
16
23
19
24
18
20
4
20
23
23
15
15
17
20
14
14
6
7
13
19
13
21
7
19
19
19
8
10
12
26
30
19
15
17
30
16
7
16
21
21
23
13
3
14
20
8
16
25
12
22
3
7
14
18
17
16
11
14
14
12
24
21
23
16
19
15
7
16
25
35
20
7
5
19
28
18
8
13
15
32
21
9
18
13
17
11
24
19
6
29
24
29
16
13
22
14
5
18
10
18
32
13
12
12
13
25
3
26
9
37
13
11
14
27
15
19
24
24
14
7
13
22
17
26
11
13
27
7
7
26
11
8
5
22
4
18
28
17
16
10
18
15
25
19
12
13
19
15
14
31
19
19
5
5
15
11
10
9
12
22
19
10
18
11
16
18
17
18
18
20
34
7
23
11
27
20
21
13
14
19
14
10
8
9
4
25
9
17
22
8
31
20
8
9
7
20
10
26
19
17
14
19
10
11
10
21
8
8
4
18
12
14
11
25
17
23
16
9
36
15
9
24
11
14
10
15
13
22
15
33
21
9
13
16
11
18
15
16
19
27
23
20
12
20
21
29
17
21
8
9
13
21
20
18
11
26
14
16
13
16
23
18
25
14
11
10
17
32
21
26
27
11
16
17
20
19
7
8
9
6
12
6
31
19
14
23
16
14
13
21
28
18
34
23
31
19
15
19
22
19
16
3
34
27
8
11
24
28
21
8
8
21
8
13
15
19
22
14
24
23
19
13
26
5
8
25
29
15
6
12
9
23
11
14
19
31
16
24
13
9
11
18
9
5
10
21
31
23
13
12
7
13
14
12
12
20
19
14
13
12
20
16
10
23
28
8
15
16
13
8
24
18
26
17
13
14
12
16
27
16
7
7
11
12
13
15
24
9
17
24
28
11
34
19
13
15
17
14
13
15
11
19
12
12
21
13
7
12
18
20
15
12
14
15
7
15
22
18
8
12
19
19
22
8
9
10
10
8
