25
24
15
37
11
26
31
7
12
32
23
29
23
43
11
9
11
45
28
19
7
27
14
40
9
21
35
7
30
18
29
29
35
20
18
35
24
29
18
28
15
32
40
21
14
15
33
32
29
26
23
25
39
28
27
25
12
23
20
24
27
17
38
34
23
33
26
22
34
41
30
29
11
20
16
14
32
24
11
13
14
20
25
7
12
9
23
26
23
23
44
26
24
8
30
23
26
25
29
12
5
22
28
37
20
29
17
9
42
17
14
30
28
34
53
25
25
22
23
14
34
10
3
16
34
32
19
17
11
29
36
31
12
13
8
22
31
22
11
26
23
22
19
18
43
32
47
26
24
14
19
22
14
20
17
9
7
19
38
9
26
27
13
19
13
16
25
30
23
27
11
29
11
25
17
14
17
25
21
12
34
17
21
30
28
26
49
26
43
20
16
18
37
22
21
31
16
24
30
29
