18
33
22
20
28
39
15
16
20
24
35
23
16
22
39
31
36
21
12
12
16
32
31
31
32
12
16
14
23
13
13
10
25
36
5
30
14
18
30
18
27
19
16
36
28
26
21
47
11
22
31
20
29
24
18
11
30
10
9
32
35
22
20
33
25
23
23
7
30
20
41
19
19
25
21
17
16
12
34
40
32
19
18
13
25
20
25
22
30
42
11
19
33
22
13
30
23
32
27
18
32
34
25
26
34
22
36
3
51
22
20
21
16
9
28
16
28
10
20
29
26
17
36
15
45
25
14
17
12
7
16
12
15
30
14
21
27
10
15
25
17
24
6
23
33
35
19
26
22
17
13
21
20
4
21
36
30
16
23
19
27
46
33
4
25
16
29
11
16
22
32
17
40
10
36
20
11
20
30
3
36
19
55
28
42
24
34
25
23
11
20
16
14
27
6
40
26
32
22
18
