33
11
13
19
35
30
35
16
6
29
6
21
17
22
28
34
18
17
47
39
17
8
24
47
30
32
16
30
32
9
13
15
25
24
25
33
39
20
27
30
22
18
19
13
11
15
33
18
27
13
42
5
38
11
30
33
24
6
25
19
13
11
54
31
32
17
23
24
19
22
37
20
15
14
31
18
20
26
8
23
21
38
37
52
21
17
12
28
12
17
19
31
29
29
18
13
12
33
26
41
22
28
12
25
13
17
10
13
18
43
16
17
15
27
22
35
10
9
30
33
27
6
38
13
42
24
14
22
30
9
24
19
30
32
7
8
39
29
26
23
43
9
13
34
18
9
21
30
19
25
18
40
20
27
23
11
33
35
32
17
22
27
10
39
42
19
19
29
13
15
23
30
18
21
18
10
22
18
14
28
17
17
21
16
36
14
17
5
25
40
17
31
21
13
29
51
12
19
23
28
