27
14
24
48
28
27
20
45
23
32
26
23
20
14
32
17
29
26
8
50
18
42
9
24
8
26
22
30
37
14
15
52
4
14
17
29
15
7
20
28
34
30
5
24
32
12
20
29
22
15
34
37
17
19
18
31
18
18
19
26
10
18
24
33
20
24
9
35
12
20
13
22
52
23
14
31
20
32
52
8
23
37
18
19
18
22
32
24
22
6
23
29
23
45
11
16
35
13
29
9
21
33
26
6
33
26
9
53
17
25
32
22
33
14
21
19
29
55
13
9
9
27
28
11
17
22
31
11
13
19
26
45
16
34
39
23
15
24
11
30
29
22
12
18
18
21
24
27
30
18
26
33
18
29
22
19
11
13
21
7
23
14
20
13
36
15
9
32
11
37
12
33
24
28
26
12
23
23
14
20
31
26
9
17
31
18
20
33
13
16
25
35
15
46
13
56
17
17
33
11
