30
24
17
7
21
20
9
27
19
16
12
11
4
8
17
27
10
21
6
18
19
17
10
6
20
30
19
27
11
21
17
22
20
12
34
18
11
13
16
13
13
27
7
18
31
16
19
20
19
33
20
25
18
21
20
2
17
12
1
22
8
24
12
9
26
18
20
16
25
10
19
8
18
11
23
20
28
17
1
26
26
17
20
15
13
22
17
5
15
24
14
28
14
23
28
16
21
14
16
25
21
19
15
41
23
31
9
14
10
16
8
11
14
27
16
10
9
13
12
14
25
15
20
6
24
29
10
12
17
6
14
24
12
20
17
13
14
12
13
12
11
27
18
29
12
14
16
16
13
21
9
27
15
34
12
24
18
11
10
9
25
16
11
15
15
9
15
30
15
16
26
26
17
23
9
13
9
8
6
23
19
18
11
20
7
13
21
10
20
11
13
12
21
19
21
13
15
6
14
21
26
14
28
16
14
5
7
20
14
13
5
14
14
19
26
23
14
20
12
10
18
18
21
18
19
7
9
10
12
15
24
13
18
21
13
22
10
23
14
8
35
30
25
29
16
13
25
26
26
16
6
4
21
11
14
26
21
20
15
16
10
18
35
5
19
22
8
20
14
16
16
8
14
25
12
27
7
22
23
11
13
9
13
20
18
12
7
22
18
20
17
30
11
14
16
8
17
22
12
20
27
17
8
23
27
8
23
14
5
25
12
24
1
27
13
24
18
19
23
21
26
18
17
6
16
18
20
21
27
12
11
13
13
22
4
14
25
18
10
16
12
17
20
9
12
24
22
33
17
7
12
12
3
22
16
12
22
15
13
17
24
22
21
10
19
20
16
13
23
21
20
17
15
9
11
23
5
12
23
17
27
32
21
4
11
17
19
24
7
19
23
10
17
10
26
17
15
17
13
21
13
16
20
2
16
20
16
11
15
21
12
9
13
17
13
18
13
9
8
10
48
17
34
16
12
7
27
18
17
2
6
27
15
10
27
19
19
27
5
13
15
18
22
24
9
6
25
16
22
6
17
21
17
16
30
21
16
15
19
31
14
17
7
3
21
5
5
20
13
32
16
20
18
21
7
18
7
17
16
10
22
9
18
13
21
28
26
11
19
11
17
19
12
17
10
13
26
5
12
16
